subj,uniBrown,expExec,tpChange,tpRate,tpDir,tpNoReturn,tellMgr,impChange,impRise,impFall,impPeriodic,numOtherTP,liwcPosemo,liwcNegemo,liwcCause,liwcFocusPre,liwcFocusFut,liwcRelativ,liwcTime
1,0,0,0,0,0,0,1,68,89,,,0,0,0,0,0,0,0,0
2,0,0,1,1,0,0,1,47,100,100,18,2,0,0,33.33,8.33,0,50,8.33
3,0,0,1,0,1,0,1,,100,100,100,0,0,0,11.11,0,0,33.33,22.22
4,0,0,1,0,1,0,1,60,90,90,11,2,9.09,0,0,9.09,0,31.82,9.09
5,0,0,1,0,0,0,1,100,10,10,0,0,0,25,0,0,0,75,0
6,0,0,1,1,0,0,1,81,72,72,71,3,0,6.25,6.25,6.25,6.25,31.25,6.25
7,0,0,1,0,0,1,1,50,75,,50,12,0,4.35,8.7,8.7,4.35,13.04,4.35
8,0,0,1,1,1,0,1,33,13,100,0,0,0,0,0,0,9.09,18.18,0
9,0,0,1,0,0,0,1,82,19,73,13,0,33.33,0,0,0,0,0,0
10,0,0,1,0,0,1,1,47,100,39,49,0,0,2.56,2.56,15.38,2.56,23.08,0
11,0,0,1,0,1,0,1,71,90,71,65,1,0,0,9.09,9.09,0,36.36,0
12,0,0,1,0,1,0,0,100,,,100,0,0,5.26,0,10.53,0,15.79,0
13,0,0,1,1,0,0,1,50,81,81,60,1,5.88,5.88,5.88,11.76,0,23.53,5.88
14,0,0,1,1,0,0,1,91,50,84,30,4,0,0,12.5,12.5,0,37.5,12.5
15,0,0,1,0,1,0,1,72,100,25,64,3,0,10,0,20,0,30,10
16,0,0,1,1,0,0,0,61,70,71,50,0,0,0,25,0,0,50,0
17,0,0,0,0,1,0,1,33,72,7,43,2,0,0,0,0,0,50,0
18,0,0,0,0,0,0,1,64,50,50,67,0,0,0,0,11.11,0,33.33,5.56
19,0,0,1,1,0,0,1,30,83,83,9,1,0,0,11.11,16.67,0,38.89,16.67
20,0,0,1,1,1,0,1,34,44,81,35,1,0,0,0,4.55,0,40.91,13.64
21,0,0,1,1,1,1,1,,100,100,,3,0,0,0,11.11,3.7,22.22,7.41
22,0,0,1,1,0,0,1,80,50,82,37,2,0,0,8.7,8.7,0,30.43,8.7
23,0,0,1,0,0,1,0,7,73,74,,0,0,5.56,16.67,16.67,0,16.67,0
24,0,0,1,0,0,0,1,70,100,100,20,2,0,0,25,0,12.5,0,0
25,0,0,1,0,1,0,1,100,100,100,50,0,0,0,0,0,0,33.33,0
26,0,0,1,1,1,0,1,50,90,89,54,0,0,0,19.05,9.52,0,33.33,4.76
27,0,0,1,0,0,1,1,72,8,100,77,3,0,0,0,11.11,0,33.33,11.11
28,0,0,0,0,0,0,1,100,80,80,10,2,0,12.5,0,25,0,12.5,0
29,0,0,1,0,0,0,1,70,100,100,50,2,0,0,28.57,0,0,14.29,0
30,0,0,1,0,1,0,,90,100,100,85,1,0,0,0,6.25,0,37.5,6.25
31,0,0,1,1,1,1,1,87,39,39,70,0,0,0,15.38,7.69,0,30.77,0
32,0,0,1,1,0,0,1,37,61,49,62,2,0,0,13.33,0,0,40,0
33,0,0,1,0,0,0,1,71,0,100,50,3,0,0,13.33,6.67,0,26.67,6.67
34,0,0,1,1,0,0,0,20,99,100,29,12,0,0,15.79,10.53,0,36.84,10.53
35,0,0,0,0,0,0,1,83,73,85,88,4,0,0,0,18.75,6.25,6.25,0
36,0,0,1,1,0,0,1,66,37,52,55,2,0,0,21.43,7.14,0,42.86,0
37,0,0,1,1,0,0,1,10,100,100,,0,0,0,0,12.5,0,12.5,0
38,0,0,1,0,1,0,1,100,100,100,50,0,0,0,10.53,10.53,0,36.84,10.53
39,0,0,0,0,0,0,1,35,100,100,17,0,0,0,0,10,0,20,0
40,0,0,1,0,1,0,1,80,90,90,50,3,3.03,0,9.09,9.09,0,21.21,6.06
41,0,0,0,0,0,0,1,50,79,78,53,3,0,0,25,25,0,12.5,12.5
42,0,0,1,0,1,0,0,,74,79,,0,0,0,0,20,0,30,0
43,0,0,1,0,0,0,1,76,74,27,75,1,9.09,0,0,18.18,0,27.27,9.09
44,0,0,1,0,1,1,,,,,,4,5.56,0,0,11.11,0,22.22,0
45,0,0,1,0,1,0,1,53,26,79,0,1,0,16.67,0,16.67,0,50,0
46,0,0,1,0,1,0,1,80,80,86,,1,0,0,0,5.26,0,26.32,5.26
47,0,0,0,0,1,0,0,,100,100,,3,0,7.14,0,7.14,0,35.71,0
48,0,0,1,0,0,0,1,52,84,84,52,6,0,0,5.26,10.53,5.26,36.84,10.53
49,0,0,1,0,0,0,1,61,72,51,83,0,0,0,0,10,0,30,0
50,0,0,1,0,1,1,1,,100,,50,0,9.52,0,9.52,19.05,4.76,19.05,9.52
51,0,0,1,0,0,0,1,100,100,100,20,0,0,0,0,12.5,0,37.5,0
52,0,0,1,0,0,1,1,8,49,99,8,4,0,0,0,14.29,14.29,42.86,0
53,0,0,1,0,1,1,1,80,50,50,40,4,6.67,0,0,6.67,0,33.33,6.67
54,0,0,1,1,1,0,1,0,100,,50,0,2.63,0,5.26,10.53,0,21.05,5.26
55,0,0,0,0,0,0,1,0,100,100,,1,4,0,0,8,4,16,0
56,0,0,1,0,1,0,1,95,73,82,59,0,6.45,0,0,22.58,0,22.58,9.68
57,0,0,1,1,0,0,1,69,79,80,92,0,0,0,6.67,13.33,0,33.33,13.33
58,0,0,1,1,0,0,1,83,85,86,57,1,7.14,0,0,7.14,7.14,35.71,14.29
59,0,0,1,1,0,1,1,82,30,100,51,2,0,0,0,0,0,23.08,0
60,0,0,1,0,0,0,,,,,,,50,0,0,0,0,0,0
61,0,0,1,0,1,0,,,,,,,0,0,0,0,0,20,10
62,0,0,1,0,0,0,,,,,,,0,0,7.69,7.69,0,30.77,0
63,0,0,1,0,0,0,1,100,100,100,20,0,0,0,0,11.11,0,33.33,0
64,0,0,1,1,0,0,,,,,,0,0,0,0,8.33,0,33.33,25
65,0,0,1,0,1,1,1,100,100,100,,0,0,0,0,4.55,0,31.82,9.09
66,0,0,1,0,0,0,1,60,31,1,59,0,0,0,0,0,0,0,0
67,0,0,1,0,0,1,1,54,52,88,100,0,0,0,14.29,14.29,0,42.86,0
68,0,0,1,0,1,0,,35,54,79,57,2,0,0,0,16.67,0,33.33,0
69,0,0,1,0,1,0,1,80,80,82,69,2,5.56,0,0,22.22,11.11,16.67,0
70,0,0,1,0,0,1,1,72,100,100,42,1,0,0,0,16.67,0,33.33,0
71,0,0,1,0,1,1,0,40,80,30,100,1,0,0,5.26,0,0,26.32,5.26
72,0,0,0,0,1,0,,32,75,75,51,1,0,0,0,14.29,0,14.29,7.14
73,0,0,1,0,0,1,1,80,25,25,80,1,0,0,33.33,0,0,33.33,0
74,0,0,1,0,0,0,0,95,65,35,0,1,0,0,40,0,0,40,0
75,0,0,1,0,1,1,1,80,75,75,75,1,0,0,4.55,13.64,0,36.36,13.64
76,0,0,1,0,1,0,1,85,71,10,86,3,0,8.33,4.17,4.17,0,29.17,8.33
77,0,0,1,0,0,1,1,9,60,100,14,1,0,0,0,0,0,28.57,7.14
78,0,0,1,0,0,0,1,45,40,50,50,5,0,0,0,11.76,0,35.29,5.88
79,0,0,1,1,1,0,1,100,50,50,100,1,6.25,0,12.5,12.5,0,18.75,0
80,0,0,1,0,1,1,1,71,49,29,91,0,0,4.55,4.55,4.55,0,18.18,4.55
81,0,0,1,1,0,0,1,80,50,50,70,0,0,0,8.33,0,0,25,0
82,0,0,1,0,1,0,1,57,27,55,12,2,0,2.38,0,14.29,2.38,26.19,0
83,0,0,1,0,0,0,0,94,100,100,38,0,0,0,9.09,18.18,0,18.18,9.09
84,0,0,1,0,0,0,1,90,74,73,54,0,0,0,0,0,0,42.86,14.29
85,0,0,1,0,1,0,1,91,100,30,65,4,0,0,0,11.11,0,22.22,0
86,0,0,1,0,0,0,1,50,72,72,83,5,0,0,18.18,9.09,0,36.36,9.09
87,0,0,1,1,0,0,1,44,71,72,41,3,0,0,30,30,0,30,0
88,0,0,1,0,0,1,1,20,20,100,30,3,0,0,9.09,9.09,0,27.27,9.09
89,0,0,1,0,1,1,1,90,65,65,40,0,0,0,0,5.88,5.88,17.65,11.76
90,0,0,1,1,1,0,1,100,50,50,100,0,0,0,0,4,0,16,8
91,0,0,1,0,0,0,1,94,70,91,76,1,0,0,12.5,18.75,0,25,6.25
92,0,0,1,0,1,0,0,32,54,80,,2,0,0,7.69,7.69,0,38.46,15.38
93,0,0,1,1,0,0,1,27,19,100,51,0,0,0,11.11,5.56,0,27.78,5.56
94,0,0,1,0,0,0,0,87,63,65,67,8,3.03,0,0,21.21,0,15.15,3.03
95,0,0,1,0,0,0,1,10,95,95,80,0,0,10,0,0,0,10,0
96,0,0,1,1,1,0,1,71,100,100,72,4,0,0,8.33,0,0,25,8.33
97,0,0,1,0,0,0,1,80,20,20,80,2,0,0,16.67,0,0,66.67,16.67
98,0,0,1,0,0,0,1,80,29,61,80,7,0,0,11.11,22.22,0,55.56,11.11
99,0,0,1,0,1,0,,51,6,70,12,2,7.69,0,0,0,0,15.38,0
100,0,0,1,1,1,0,1,26,52,92,12,3,0,0,0,0,0,30.77,0
101,0,0,0,0,0,0,1,91,,82,,1,0,0,0,25,0,0,0
102,0,0,1,0,0,0,,90,99,13,43,4,0,0,0,0,25,75,0
103,0,0,0,0,1,0,,,,,,0,13.33,6.67,6.67,6.67,0,13.33,0
104,0,0,1,1,0,0,1,77,48,49,35,2,0,0,42.86,0,14.29,71.43,14.29
105,0,0,1,0,0,0,0,33,,29,44,3,0,0,0,0,0,40,0
106,0,0,1,0,0,0,1,55,77,33,48,7,1.89,0,3.77,7.55,0,22.64,5.66
107,0,0,1,0,0,0,1,44,10,,19,2,0,0,0,0,5.56,16.67,5.56
108,0,0,1,0,1,0,1,45,80,80,64,0,0,0,0,22.22,0,27.78,5.56
109,0,0,1,0,1,0,1,89,,50,,2,6.67,6.67,0,6.67,0,40,0
110,0,0,1,0,0,0,1,41,92,94,64,1,20,0,0,20,0,20,20
111,0,0,1,0,1,0,,61,70,70,,0,0,0,0,5,0,25,0
112,0,0,1,0,1,0,1,20,50,50,50,0,0,0,16.67,16.67,0,33.33,33.33
113,0,0,1,1,1,0,1,62,100,100,0,2,0,0,15.79,10.53,0,31.58,5.26
114,0,0,1,0,0,0,1,,50,50,12,1,0,0,16.67,0,0,66.67,33.33
115,0,0,1,0,0,0,1,60,100,100,,12,0,0,7.41,7.41,3.7,33.33,7.41
116,0,0,1,0,1,0,1,0,38,81,80,0,0,14.29,0,14.29,0,57.14,14.29
117,0,0,1,1,0,0,1,,,,100,1,0,0,9.09,18.18,0,36.36,0
118,0,0,0,0,0,0,1,34,70,70,,0,0,0,0,100,0,0,0
119,0,0,1,1,0,0,1,100,58,89,44,5,0,0,5.56,5.56,5.56,44.44,11.11
120,0,0,1,0,1,0,1,52,82,83,,0,0,0,0,0,0,33.33,0
121,0,0,1,0,1,0,,83,34,21,87,3,0,0,7.14,7.14,0,21.43,0
122,0,0,1,0,1,0,1,100,100,100,,0,0,0,0,11.11,0,33.33,11.11
123,0,0,1,0,1,0,1,68,33,9,86,4,0,0,0,16.67,0,25,4.17
124,0,0,1,0,1,0,0,93,,,71,3,7.14,0,0,7.14,0,21.43,0
125,0,0,0,0,1,0,0,45,63,61,47,2,0,0,0,11.11,0,33.33,0
126,0,0,1,0,0,0,,,,,,2,0,0,0,0,0,33.33,0
127,0,0,1,1,1,0,,,,,,0,0,0,0,10,0,50,10
128,0,0,0,0,0,0,,,,,,3,33.33,0,0,33.33,0,0,0
129,1,1,1,0,0,1,1,80,50,50,80,4,6.67,0,6.67,6.67,0,6.67,0
130,1,1,1,0,1,0,0,100,,,,0,0,0,5.88,0,0,23.53,0
131,1,1,1,0,0,0,0,100,,0,,3,0,2.94,2.94,0,0,5.88,5.88
132,1,1,1,0,0,0,0,100,70,,100,2,0,0,6.25,25,6.25,25,18.75
133,1,1,1,0,0,0,1,100,,,,4,0,0,28.57,0,0,28.57,0
134,1,1,1,0,1,0,,,,,56,1,0,25,0,0,0,0,0
135,1,1,1,0,1,0,1,82,83,84,100,0,0,4.17,0,4.17,4.17,37.5,8.33
136,1,1,1,0,0,0,0,50,100,19,19,5,0,0,0,0,0,40,40
137,1,1,1,0,0,0,0,50,100,100,50,0,0,0,5.56,5.56,0,33.33,11.11
138,1,1,1,0,0,0,,93,30,30,18,2,0,0,20,0,0,40,0
139,1,1,1,0,0,0,0,19,82,83,19,1,0,0,0,15.38,0,23.08,0
140,1,1,1,0,1,0,1,100,10,6,100,2,5.88,0,5.88,11.76,0,29.41,0
141,1,1,1,1,0,0,1,45,30,90,30,4,0,0,9.52,9.52,0,23.81,0
142,1,1,1,1,0,0,1,,95,95,,2,0,0,16.67,0,0,50,16.67
143,1,1,1,0,0,0,1,85,92,92,93,0,0,0,4.76,9.52,0,23.81,0
144,1,1,1,1,0,0,1,80,51,51,60,4,5,0,20,0,0,25,0
145,1,1,0,0,0,0,,,,,,,0,0,0,9.52,0,4.76,0
146,1,1,1,0,0,1,1,70,8,11,79,0,0,0,0,11.11,11.11,11.11,0
147,1,1,1,0,0,0,0,35,99,,,6,6.67,0,0,20,0,20,6.67
148,1,1,1,1,0,1,1,67,66,66,,1,0,0,3.57,10.71,0,17.86,3.57
149,1,1,1,0,1,0,0,91,,,,0,0,0,0,0,0,20,0
150,1,1,1,1,0,0,1,70,80,80,69,5,0,0,6.35,11.11,0,20.63,4.76
151,1,1,1,0,0,0,1,,50,50,,2,0,0,9.09,0,0,36.36,9.09
152,1,1,1,0,0,0,1,50,50,50,50,2,0,0,0,0,0,20,0
153,1,0,1,1,0,0,1,19,100,100,22,0,5,0,5,0,0,35,10
154,1,0,1,1,0,0,1,100,77,77,66,3,0,5,10,10,0,30,0
155,1,0,1,0,0,0,1,89,40,40,100,0,0,0,25,0,0,12.5,0
156,1,0,1,0,1,0,1,100,0,,50,1,0,0,12.5,0,0,37.5,0
157,1,0,1,0,1,0,0,100,0,,,1,0,0,10.53,0,0,21.05,0
158,1,0,1,0,1,0,1,57,89,90,31,0,0,3.57,0,14.29,0,25,3.57
159,1,0,1,0,0,0,,70,,,0,0,7.14,0,7.14,14.29,0,35.71,0
160,1,0,1,0,0,0,1,71,100,100,,7,0,11.11,22.22,22.22,0,22.22,0
161,1,0,1,0,0,0,1,84,33,51,35,0,0,0,7.69,0,0,30.77,0
162,1,0,1,1,0,0,1,0,,,0,0,3.33,0,6.67,10,0,30,3.33
163,1,0,1,0,0,0,0,10,50,50,10,0,4.35,0,8.7,8.7,0,21.74,21.74
164,1,0,1,0,0,0,,20,20,70,20,0,0,0,12.5,12.5,0,37.5,25
165,1,0,1,1,1,0,1,,100,5,2,7,0,0,14.29,9.52,0,19.05,0
166,1,0,1,0,0,0,1,86,51,45,,2,0,0,10,0,0,50,10
167,1,0,1,0,1,0,1,,100,100,,7,0,0,0,0,0,25,0
168,1,0,1,0,0,0,,72,,92,35,1,0,0,0,17.65,0,35.29,11.76
169,1,0,0,0,0,1,1,90,63,64,43,0,0,0,5.88,11.76,5.88,23.53,0
170,1,0,1,0,1,0,,29,70,70,16,0,0,0,12.5,0,0,50,0
171,1,0,1,0,0,0,1,54,82,83,85,0,0,0,7.69,15.38,0,23.08,0
172,1,0,1,0,1,0,1,60,7,82,49,0,18.18,0,9.09,18.18,0,0,0
173,1,0,1,0,1,0,,92,94,97,0,1,10,0,10,0,0,30,20
174,1,0,1,0,0,1,,35,91,91,11,1,0,3.7,3.7,11.11,3.7,25.93,3.7
175,1,0,1,1,1,0,,82,30,31,83,0,0,0,6.67,6.67,0,46.67,26.67
176,1,0,1,0,0,0,1,,92,89,,12,0,0,8.33,8.33,0,25,0
177,1,0,1,0,0,0,,60,100,100,,1,33.33,0,0,0,0,0,0
178,1,0,1,0,0,0,0,48,100,100,47,2,0,0,23.08,7.69,0,30.77,0
